- child_frame_id: px100/base_link
  frame_id: camera_color_optical_frame
  qw: -0.32722447894744267
  qx: -0.6246036100325788
  qy: 0.6280716700696687
  qz: -0.3291207194446166
  x: 0.010073199262841405
  y: 0.02226033203481362
  z: -0.06897898181632713
